10000
10080
10443
110
11000
11371
12080
13000
1337
1352
14080
14147
14514
15000
15500
16510
18000
18080
18090
18880
1935
2000
20080
2020
20280
2095
2096
2100
2106
2107
2121
21512
2727
28080
28090
3000
30000
30001
3001
3002
3128
3333
33333
3443
3500
35000
3501
3502
4000
40000
40001
4001
4100
4101
443
4433
4434
4443
4444
4840
48400
4841
4842
4843
4844
4845
4848
5000
50000
50001
5001
5432
5443
5555
5566
55667
5800
5801
58080
58443
60000
60001
60100
6080
6081
6112
6113
61600
61616
64738
64739
6788
6789
6969
7000
7001
7002
7007
7070
7080
7200
7777
7778
80
8020
8021
8022
8028
8029
8080
8081
8082
8083
8084
8085
8086
8087
8088
8089
8090
81
8123
8181
82
8443
8444
85
88
8818
8819
8880
8888
8889
8899
8989
9000
9001
9002
9003
9080
9090
9091
9191
9443
9444
9998
9999
